1.0177544468001818E-17 1.0115951273237018 
0.003208120354235955 0.9553733166948147 
3.9048570827358853E-4 0.9928599571808422 
0.04451032289957275 0.7993230494697198 
0.5093087184310421 0.29379280379438 
0.06924655527447776 0.7609146542123539 
0.20130463237202237 0.5611418377127063 
0.4466231092761376 0.3400631288226003 
0.3481610739840447 0.41920610858851537 
0.5615067586505842 0.2721947859050355 
0.369857250575475 0.41080505610834733 
0.5838346238851728 0.24854267590604356 
0.9232932880116406 0.05720255252436011 
0.5008730833202926 0.30938308853027513 
0.08355581103028414 0.721735010938411 
0.12336373569567133 0.6772421833022694 
0.33767538655901475 0.427815371480145 
0.41168347997735383 0.3819671049247644 
0.1897457998747591 0.5742562186572414 
0.017580653649770128 0.8793617138514952 
0.18008665551261888 0.5867410715756787 
0.8442598417483133 0.0997765344415499 
0.5337848683264781 0.2767479329529302 
0.23054191980270144 0.5461844934981374 
0.5713421877380025 0.2655262353080267 
0.14777972216140137 0.6320489659112516 
0.3227997689626945 0.4408680894296093 
0.7298310325852853 0.16540303222889152 
0.21556287026199944 0.5498803671511802 
0.38260631778567167 0.4051704298509933 
0.4192751635195065 0.36628912047700973 
0.09274202445090673 0.706269332695507 
0.024441389796892345 0.8543035878918055 
0.6749505018075319 0.19049707682465059 
0.16853734411307802 0.5994995038988902 
0.3133359174625501 0.4493620828297724 
0.13297701205069246 0.6456311387685764 
0.9068442345655773 0.06577026854083358 
0.9768342272089645 0.01811057448300084 
0.011660171666054153 0.9041284937153683 
0.9512999617022029 0.031182687025529933 
0.5318663718643216 0.28854656267858464 
0.4865103908106841 0.31918126521602885 
0.8205755688689211 0.10104947092707747 
0.6243196987815749 0.21760052293736395 
0.657104828989836 0.19625935377152998 
0.13005305036088993 0.6569886210433323 
0.2592087757864462 0.5166849163553751 
0.30064739812295055 0.4618854014670279 
0.7129054999539809 0.1757491818485283 
0.7843039285580454 0.12155391543786355 
0.10784467016447007 0.6821403143110717 
0.7991776995969558 0.11383419155842618 
0.7470064699876274 0.14230596633967782 
0.7332792208039234 0.15036717599878874 
0.75915304406533 0.1359146710218667 
0.7726588190219467 0.12806339094319008 
0.692266835586588 0.18826360263341105 
0.10447952128838739 0.6990615614130535 
0.9620771818493822 0.025665465623538244 
0.056171175558487496 0.7742344295092608 
0.6362632987861438 0.2092910969240686 
0.16015707584324917 0.6100039902392912 
0.47119408071911195 0.32118736106452267 
0.03199940531439177 0.8318076871274726 
0.989908557016111 0.011485031218117525 
0.2680400493131871 0.5091194642422936 
0.2849496426002193 0.47462134316064203 
0.15548317791946276 0.6221852383334151 
0.8095006451826665 0.10641391841248717 
0.6463089638749049 0.20300777673384435 
0.23572432816497552 0.5240020949070888 
0.005965937706883223 0.934017900443253 
0.7043499922322078 0.1807371119970686 
0.2819407876432124 0.4941741332896895 
0.6070330529730192 0.24195919703078345 
0.9345430614690251 0.03990770625894191 
0.24152838837965118 0.5236684748887154 
0.0143661829074751 0.8910461550788686 
0.07290224782839616 0.7400420591000306 
0.027201589440045554 0.8455789460144179 
0.6003226352433304 0.24623916642224808 
0.07535543388033594 0.7363562524940486 
0.2738538834180031 0.49589569216697665 
0.3886121744717134 0.38534011873945817 
0.9310175702232255 0.04172283980562513 
0.29202304758336917 0.46891876032759994 
0.0394861920109571 0.8127714384754495 
0.4615535421103635 0.3298027721765849 
0.39012249016623507 0.38404165374606186 
0.03657025512400319 0.8192793954861157 
0.4585662134003732 0.3351982179912895 
0.6144415419376438 0.22320051387046533 
0.00834343010799854 0.9208516770298572 
0.999948333418511 0.005770244724672829 
0.8750744688999085 0.0706588041571758 
0.8500770876703927 0.08428341283688792 
0.05780442544035824 0.7696989646270642 
0.8838805795539996 0.06586966824834256 
0.4276747354156907 0.353747825773434 
