1.0177544468001818E-17 -6.518507622485466E-5 -0.0021019197815071115 2.711956221272223E-4 6.710919733764864E-4 0.0021587502080731968 -4.547416564054954E-5 -1.5440368237637603E-4 0.0012155523595797065 0.0018861767142150435 
0.003208120354235955 -6.520799740155733E-5 -0.0021018244970969226 2.7119562212714966E-4 6.711001453276107E-4 0.00215916074884988 -4.154611684952013E-4 -1.5440778382422345E-4 0.0012155509143335936 0.0020872552657948363 
3.9048570827358853E-4 -6.519360391896918E-5 -0.0021019445273018395 2.711956221272223E-4 6.71091925436923E-4 0.0021586895280651976 -5.622807843559105E-5 -1.5440367910828516E-4 0.0012155522491431366 0.0022389508491928558 
0.04451032289957275 -6.515676927652044E-5 -0.0021019598558219164 2.7119562210897616E-4 6.710999996705785E-4 0.0021587434272116713 -2.0828162161205978E-4 -1.5440394413444682E-4 0.0012155524203092734 0.0018456139856758934 
0.5093087184310421 -6.515737448343767E-5 -0.002101801619061283 2.7119562212714966E-4 6.711000073781236E-4 0.0021587499002487165 -2.0353010757167308E-4 -1.5440406982715187E-4 0.001215551727229994 0.0018663706261721515 
0.06924655527447776 -6.580775761886859E-5 -0.002101948858203089 2.711956221272223E-4 6.710753094985517E-4 0.0021591802775641636 -0.004165900081900171 -1.5440396408295193E-4 0.0012155523014419265 0.0025596984333570998 
0.20130463237202237 -6.518615445938714E-5 -0.0021019196973182043 2.711956221271376E-4 6.710922168029412E-4 0.0021659423980608696 -2.1673080387422765E-4 -1.5440394141008314E-4 0.0012155524502250987 0.0021910767522061577 
0.4466231092761376 -6.515746927611348E-5 -0.0021019479774585692 2.711956221272223E-4 6.711020177122075E-4 0.0021587499363668688 -2.0423009182188046E-4 -1.5440394706777957E-4 0.0012155524470613425 0.0021705422974651794 
0.3481610739840447 -6.52078469702164E-5 -0.0021019147409973085 2.7119562212714966E-4 6.711017644802163E-4 0.002158267545038616 -3.88249065553881E-4 -1.5440396198889786E-4 0.0012155523190501367 0.0023093160855339615 
0.5615067586505842 -6.52154621415519E-5 -0.002102625938459898 2.711956221295452E-4 6.712744320145779E-4 0.0021660018087789196 -0.004182077039325532 -1.5440436971012438E-4 0.0012159923106524302 -0.0038354754854749346 
0.369857250575475 -6.518640889758042E-5 -0.00210180573711255 2.7119562212714966E-4 6.710926858099366E-4 0.0021591017166542235 -0.002721503324819145 -1.544040705730254E-4 0.0012155523003200468 -0.003982159631249538 
0.5838346238851728 -6.518484495214982E-5 -0.0021019202398009753 2.711956221271376E-4 6.71089985974136E-4 0.0021591940982244066 -1.5466482839056415E-4 -1.5440382289604355E-4 0.0012155517563357953 -0.003827409347930967 
0.9232932880116406 -6.528395250023273E-5 -0.0021026170659289123 2.711956221275098E-4 6.724063482385654E-4 0.002162276389419614 -0.004229888468564475 -1.5439617047141794E-4 0.001216262353387811 -0.003830212997202064 
0.5008730833202926 -6.520810140840967E-5 -0.00210180573711255 2.7119562212714966E-4 6.711017981178042E-4 0.0021591017166542235 -0.002721503324819145 -1.544040705730254E-4 0.0012155523003200468 -0.0038547652875325676 
0.08355581103028414 -6.515732477505391E-5 -0.0021019443556319333 2.711956221272223E-4 6.710907585416712E-4 0.002159167629623021 -2.494022207505882E-4 -1.5440785495789115E-4 0.0012155522000854737 0.002186894221612329 
0.12336373569567133 -6.825754859430352E-5 -0.0021018333591371952 2.7119562200871267E-4 6.723898191890053E-4 0.0021620988024670562 -0.004221903890740258 -1.5440401459367376E-4 0.001215550814323011 -0.0038301316813558898 
0.33767538655901475 -6.518615445938714E-5 -0.0021019147409973085 2.7119562212714966E-4 6.710926521723488E-4 0.002159095386818905 -7.422744984310637E-5 -1.5440369006600578E-4 0.0012155523209059064 0.0021814262474362097 
0.41168347997735383 -6.534222642678857E-5 -0.0021026161316573273 2.711956221272611E-4 6.724722495913265E-4 0.0021621130358647532 -0.0042415792611576525 -1.5440400282998125E-4 0.001216021043763807 -0.003827733233505517 
0.1897457998747591 -6.521287178605907E-5 -0.002101914692761628 2.711956221272223E-4 6.71092140520612E-4 0.0021582761497356035 -2.3715725736686544E-4 -1.5440385710060076E-4 0.0012155524595788944 0.0021819217418169914 
0.017580653649770128 -6.520627927344981E-5 -0.0021019599184738252 2.7119562212714966E-4 6.710943762603135E-4 0.0021582764142786207 -3.763808187118035E-4 -1.5440395444075427E-4 0.001215552414219665 0.0022234411260682067 
0.18008665551261888 -6.518615445938714E-5 -0.0021019196973182043 2.711956221271376E-4 6.710922168029412E-4 0.0021586469729712905 -3.901188806080008E-4 -1.544038564660488E-4 0.0012155524502250987 0.0025609554663439268 
0.8442598417483133 -6.586897521842937E-5 -0.0021025014283296787 2.7119562212739193E-4 6.712384729480693E-4 0.00215969002920766 -0.0041816002504176195 -1.54404009503977E-4 0.0012159894751870507 -0.003827409370956602 
0.5337848683264781 -6.515737448343767E-5 -0.002101801619061283 2.711956221272223E-4 6.711000073781236E-4 0.0021587499002487165 -2.0353010757167308E-4 -1.5440394434510776E-4 0.001215551727229994 0.0018663706261721515 
0.23054191980270144 -6.582290816872977E-5 -0.002102604080034593 2.711956221272223E-4 6.712495403161697E-4 0.002166320168004223 -0.00423149242714684 -1.5440396544008953E-4 0.0012159935939230766 -0.003830227295692503 
0.5713421877380025 -6.026310282925418E-5 -0.0021026302111127344 2.711956221063846E-4 6.712488062962886E-4 0.0021617669679028333 -0.004183741675381469 -1.54404003486708E-4 0.001215972059960078 -0.0038300191892397767 
0.14777972216140137 -6.580837332131711E-5 -0.0021019224050798516 2.71195622107524E-4 6.725616163641115E-4 0.002159185868581982 -4.7569128560031454E-5 -1.5439607269164128E-4 0.001215552357034951 -0.0038274171713201213 
0.3227997689626945 -6.518615445938714E-5 -0.0021019196973182043 2.711956221272223E-4 6.71092140520612E-4 0.0021582830307968776 -2.3715725736686544E-4 -1.5440385710060076E-4 0.0012155524595788944 0.0021819217418169914 
0.7298310325852853 -6.582031684453112E-5 -0.0021017895178878114 2.711956221272223E-4 6.710981078788032E-4 0.0021617300908377997 -0.004178798076227736 -1.544039765016387E-4 0.0012155613757345001 -0.0038293026107602576 
0.21556287026199944 -6.52064811129585E-5 -0.0021026031953250597 2.711956221271376E-4 6.712372816850435E-4 0.0021659604093122015 -0.002721503324819145 -1.5440385622219035E-4 0.0012155513064009864 0.002181718865238034 
0.38260631778567167 -6.0688113734056534E-5 -0.0021026015881614674 2.711956221272223E-4 6.712683037222266E-4 0.002161975174783709 -0.004182436683367614 -1.5440403300064737E-4 0.0012155363351105703 -0.003830084040364905 
0.4192751635195065 -6.580837332131711E-5 -0.002101921488128071 2.71195622107524E-4 6.710913675305504E-4 0.002159185868581982 -4.7569128560031454E-5 -1.5440390200011303E-4 0.001215552357034951 -0.003827409174939339 
0.09274202445090673 -6.581942936605943E-5 -0.002101944568993205 2.711956221272223E-4 6.710920642213723E-4 0.0021591730970292864 -6.072269082199079E-5 -1.5440782361631972E-4 0.0012155523543059123 0.002236206522407081 
0.024441389796892345 -6.515728162431283E-5 -0.0021017947601271593 2.711956221272223E-4 6.711020524243768E-4 0.0021591642130102825 -2.1137121990466757E-4 -1.5440393728630053E-4 0.0012155523125764135 0.0018559923183592458 
0.6749505018075319 -6.51839519010832E-5 -0.0021019202398009753 2.711956221272223E-4 6.71089985974136E-4 0.0021591940982244066 -1.5466482839056415E-4 -1.5440382289604355E-4 0.0012155517563357953 -0.003827409347930967 
0.16853734411307802 -6.518615445938714E-5 -0.002101919709652555 2.711956221271376E-4 6.710919659495796E-4 0.0021592480226051095 -2.9173578564615517E-4 -1.5440385710060076E-4 0.001215552459504208 0.0021819217418169914 
0.3133359174625501 -6.518615445938714E-5 -0.0021019147409973085 2.7119562212714966E-4 6.710926521723488E-4 0.002158267545038616 -3.8126251118526864E-4 -1.5440396557415208E-4 0.0012155523192512445 0.0021819217418169914 
0.13297701205069246 -6.520581712624646E-5 -0.0021019187460648825 2.711956221271376E-4 6.710924298772919E-4 0.002166377590811863 -6.22793391011952E-5 -1.5440396569341445E-4 0.0012155523045235272 0.0021829790269022376 
0.9068442345655773 -6.064881980346124E-5 -0.002102601917872602 2.711956221272223E-4 6.712665352503391E-4 0.002161974482459558 -0.004182436683367614 -1.5440412967943597E-4 0.0012155451622690007 -0.0038279277558693346 
0.9768342272089645 -6.515745091231375E-5 -0.0021019591820782514 2.711956221272223E-4 6.710999302364212E-4 0.002165896084176343 -2.2088630831831966E-4 -1.5440394434510776E-4 0.001215551727229994 0.002217529482871091 
0.011660171666054153 -6.520627927344981E-5 -0.0021019599184738252 2.7119562212714966E-4 6.710943762603135E-4 0.0021582764142786207 -3.763808187118035E-4 -1.5440395444075427E-4 0.001215552414219665 0.0022234411260682067 
0.9512999617022029 -6.520340454812591E-5 -0.002101945606090064 2.7119562212697527E-4 6.711020524243768E-4 0.0021591672745290584 1.392123405031722E-4 -1.544036845433565E-4 0.0012160172944906808 0.002222961668893369 
0.5318663718643216 -6.580775761886859E-5 -0.0021024710674943953 2.711956221272223E-4 6.71092234277642E-4 0.0021591802775641636 -0.004165615296257325 -1.544075871572752E-4 0.0012155523096214855 0.002629547201256123 
0.4865103908106841 -6.055077545059032E-5 -0.0021026265178144157 2.711956221272223E-4 6.712175437570026E-4 0.0021659574169712687 -0.004180326593031382 -1.5440403941729765E-4 0.0012155453583113888 0.001919552570461583 
0.8205755688689211 -6.520088518951839E-5 -0.0021024684658918743 2.711956221271376E-4 6.710922413988979E-4 0.0021586469729712905 -2.3715725736686544E-4 -1.5440386231815024E-4 0.0012155524502250987 0.0021819217418169914 
0.6243196987815749 -6.515924949793124E-5 -0.002101944687802204 2.711956221272223E-4 6.711020524243768E-4 0.0021658961978998172 -6.222514890553196E-5 -1.544039423498669E-4 0.0012155522634173892 0.0022378978294609058 
0.657104828989836 -6.515737513547023E-5 -0.0021019598558219164 2.711956221273518E-4 6.710999995044038E-4 0.002159160920587273 -2.1136579187914383E-4 -1.5440394413444682E-4 0.0012155524180310273 0.00185747952109539 
0.13005305036088993 -6.581902892830063E-5 -0.002102617203099784 2.711956221072596E-4 6.710847692740367E-4 0.0021661502152184138 -4.526420977101782E-5 -1.5439606697417212E-4 0.0012156197674044777 -0.004001704472852567 
0.2592087757864462 -6.0402998346953035E-5 -0.002102601496717473 2.711956221272611E-4 6.712175541062285E-4 0.0021658637964320363 -0.004229115825072441 -1.5440392294443803E-4 0.001215578431312227 -0.003827734960947125 
0.30064739812295055 -6.518624168603652E-5 -0.0021019220507467965 2.711956221279772E-4 6.710943762603135E-4 0.0021591029014155234 -4.846721757265704E-5 -1.544036824661886E-4 0.0012155524115009047 0.0025766307681350823 
0.7129054999539809 -6.581347334335915E-5 -0.0021026302111127344 2.7119562212736976E-4 6.712496832005058E-4 0.002165969774189937 -0.004230035170738998 -1.5440400343877977E-4 0.0012159956720392893 -0.0038302264973728785 
0.7843039285580454 -6.520627927344981E-5 -0.0021019599184738252 2.7119562212714966E-4 6.710943762603135E-4 0.0021591019276969224 -4.128640267578869E-4 -1.5440368251786222E-4 0.0012155524160754347 0.002222945631687425 
0.10784467016447007 -6.580837332131711E-5 -0.0021019206567470515 2.71195622107524E-4 6.710913675305504E-4 0.0021586820092731134 -5.034546049325173E-5 -1.5440390107752583E-4 0.001215552357034951 0.002197364361791956 
0.7991776995969558 -6.580718441938675E-5 -0.0021019152058506215 2.711956221271376E-4 6.710922410613787E-4 0.0021659357878649078 -3.934394676890475E-4 -1.5440385678258109E-4 0.0012155516898454107 0.002549839004688319 
0.7470064699876274 -6.518614118169811E-5 -0.0021019180075789764 2.711956221272223E-4 6.710919681238224E-4 0.002159269029736873 -2.887361479442293E-4 -1.5440827291667407E-4 0.0012155523711157809 0.0018654237345772978 
0.7332792208039234 -6.582031684453112E-5 -0.0021017895178878114 2.7119562212774077E-4 6.710992539843911E-4 0.0021617300908377997 -2.444439061964677E-4 -1.544039765016387E-4 0.0012155613757345001 0.001890665271645491 
0.75915304406533 -6.518614118169811E-5 -0.00210191743734144 2.711956221271376E-4 6.710919681238224E-4 0.002159269029736873 -2.8878557876311963E-4 -1.5440816468561774E-4 0.0012155524494598098 0.0022192235452693494 
0.7726588190219467 -6.518615445938714E-5 -0.0021019184701830955 2.711956221271376E-4 6.710922153535252E-4 0.0021586358690404905 -2.3890606357468468E-4 -1.5440386034441675E-4 0.0012155524502250987 0.0021819217418169914 
0.692266835586588 -6.52844318308954E-5 -0.0021026288323651556 2.711956221272223E-4 6.71249099820555E-4 0.002162190154992853 -0.00423013736052179 -1.5440400048720231E-4 0.0012159953984220676 -0.003830020070521133 
0.10447952128838739 -6.520896058216075E-5 -0.00210245898101959 2.711956221272223E-4 6.713135755479656E-4 0.0021591958287606587 -0.004165905534631696 -1.5440355291934516E-4 3.289144363165543E-4 0.0025498527985609084 
0.9620771818493822 -6.52056847018098E-5 -0.002101945606090064 2.7119562212714966E-4 6.711020524243768E-4 0.0021591777428978517 -7.69749185077514E-5 -1.5440368449168285E-4 0.0012155523058972682 0.002241102957152222 
0.056171175558487496 -6.520569668666605E-5 -0.0021019453842803424 2.7119562212714966E-4 6.711020182592016E-4 0.002159179097541238 -7.661623252551986E-5 -1.544036845433565E-4 0.0012155523096378281 0.002237383809356121 
0.6362632987861438 -6.515737448343767E-5 -0.002101801619061283 2.711956221272223E-4 6.711000073781236E-4 0.0021587499002487165 -2.0377178206971365E-4 -1.5440394434510776E-4 0.0012155524677847048 0.0018580059425365007 
0.16015707584324917 -6.518614118169811E-5 -0.0021019197386799907 2.711956221271376E-4 6.710920874792065E-4 0.0021592817857427928 -2.870367725553004E-4 -1.5440806115554594E-4 0.0012155524491516013 0.002219386385173573 
0.47119408071911195 -6.515766605444004E-5 -0.002101918855866309 2.711956221272223E-4 6.710929379197712E-4 0.0021587441175207494 -1.6806336722480038E-4 -1.5440394574247503E-4 0.0012155517636588573 0.0018772891374361487 
0.03199940531439177 -6.581075087725592E-5 -0.002101946233191869 2.7119562212714966E-4 6.7109979223298E-4 0.0021591945307173122 -3.870149522779303E-4 -1.5440386863105977E-4 0.0012155516960351775 0.0018944455087860845 
0.989908557016111 -6.52056847018098E-5 -0.0021019376235155442 2.7119562212714966E-4 6.711020524243768E-4 0.0021659127506898166 2.1149443842723723E-4 -1.5440396569341445E-4 0.0012160111723252384 0.002222999968128524 
0.2680400493131871 -6.51761990979899E-5 -0.002101850528841141 2.7119562212759706E-4 6.713072234053677E-4 0.0023276508296687713 -0.004181501016106359 -1.5440417128386068E-4 0.0012155711545081842 -0.004041476338807433 
0.2849496426002193 -6.515797945107073E-5 -0.0021019595826403097 2.7119562210862965E-4 6.710992646187441E-4 0.0021591621068964475 -2.0920630425962553E-4 -1.5440394434510776E-4 0.00121555240871995 0.0018369030985498126 
0.15548317791946276 -6.52183045929602E-5 -0.002102551329324421 2.7119562212744424E-4 6.724882141277291E-4 0.0021659921569336157 3.868127553774657E-4 -1.5439606697417212E-4 0.001216253861403569 -0.003830212997202064 
0.8095006451826665 -6.581089827821065E-5 -0.0021019152058506215 2.7119562212714966E-4 6.710999598332445E-4 0.0021591945307173122 -3.870149522779303E-4 -1.5440386863105977E-4 0.0012155517034295952 0.001678849402040804 
0.6463089638749049 -6.518738911913856E-5 -0.00210195934933609 2.711956221272223E-4 6.710920943987586E-4 0.0021586379690087414 -2.510234207783039E-4 -1.5440394434510776E-4 0.0012155517315662271 0.0018663706261721515 
0.23572432816497552 -6.515677217792673E-5 -0.002101945384331637 2.711956221272223E-4 6.711020524243768E-4 0.002159179097541238 -7.6926549354101E-5 -1.544036845433565E-4 0.0012155523096378281 0.002183109427885179 
0.005965937706883223 -6.518613712316009E-5 -0.0021019150232290543 2.7119562212714966E-4 6.710919772415152E-4 0.0021587502080731968 -3.847362178009187E-4 -1.5440368237637603E-4 0.0012155523595797065 0.0018854170886755807 
0.7043499922322078 -6.582716528919515E-5 -0.0021026302111127344 2.7119562212736976E-4 6.712490977179756E-4 0.002165969774189937 -0.004183741675381469 -1.5440400343877977E-4 0.0012159906722284206 -0.0038302264973728785 
0.2819407876432124 -6.515737448343767E-5 -0.00210195958252331 2.711956221081112E-4 6.710981185131563E-4 0.0021591621068964475 -0.004143560474290894 -1.5440394434510776E-4 0.00121555240871995 -0.0038623231087622713 
0.6070330529730192 -6.528349641230723E-5 -0.0021025742243682083 2.711956221272223E-4 6.712662973552494E-4 0.002165900735100733 -0.004200870048244837 -1.5440401407592347E-4 0.0012155498984821693 -0.003830152666270112 
0.9345430614690251 -6.518660830744671E-5 -0.0021019193940789334 2.711956221271376E-4 6.710922168029412E-4 0.002159131235302331 -2.3715725736686544E-4 -1.5440368105869878E-4 0.0012155524472171487 0.0022379221095627988 
0.24152838837965118 -6.518616240317756E-5 -0.002101944505022942 2.711956221272223E-4 6.710920642213723E-4 0.0021586822666906534 -0.0027634155584390077 -1.5440367906510333E-4 0.0012155522482853742 0.002565069306272229 
0.0143661829074751 -6.515718297240307E-5 -0.002101959291308169 2.711956221272223E-4 6.711000073781236E-4 0.0021658961268127036 -2.2191654142079747E-4 -1.5440394434510776E-4 0.0012155517177365946 0.0018663706261721515 
0.07290224782839616 -6.57874574840417E-5 -0.0021019596320681565 2.711956221103192E-4 6.71092344538099E-4 0.0021587123501396487 -2.6397850023982417E-4 -1.5440364208600148E-4 0.0012155524103352176 0.0018728084729466457 
0.027201589440045554 -6.518554418304141E-5 -0.0021018027711592383 2.711956221272223E-4 6.711000072204005E-4 0.0021587492137404617 -2.0368505135292387E-4 -1.5440394241635286E-4 0.0012155524179664793 0.0018260531885809005 
0.6003226352433304 -6.518965512798093E-5 -0.0021018279934913175 2.711956221272223E-4 6.711022466127529E-4 0.0021596255285362916 -0.004179709986495978 -1.5440778044733416E-4 0.0012155524856790436 -0.003827415290721279 
0.07535543388033594 -6.518615445938714E-5 -0.0021019442465101752 2.711956221272223E-4 6.710921283663955E-4 0.002158297858382078 -2.3715725736686544E-4 -1.5440385512273692E-4 0.0012155524595788944 0.00218207236898537 
0.2738538834180031 -6.520539313080742E-5 -0.002101959572864698 2.711956221272223E-4 6.710996457136264E-4 0.002158600701723124 -0.004096703381698064 -1.544036754887286E-4 0.001215551896266136 0.00222334723073148 
0.3886121744717134 -6.518615445938714E-5 -0.0021019147409973085 2.7119562212714966E-4 6.710926520277481E-4 0.002158267545038616 -3.88249065553881E-4 -1.5440396198889786E-4 0.0012155523190501367 0.0021819217418169914 
0.9310175702232255 -6.52056847018098E-5 -0.0021019449522397407 2.711956221271376E-4 6.711020524243768E-4 0.0021591017166542235 -6.256854548239092E-5 -1.544036836547924E-4 0.0012155523096378281 0.0022378595302257505 
0.29202304758336917 -6.518462089796437E-5 -0.002101958857264692 2.711956221089303E-4 6.710997693099248E-4 0.002159163605891395 -2.8878557876311963E-4 -1.5440396834260825E-4 0.0012155524494598098 0.002219386385173573 
0.0394861920109571 -6.52056847018098E-5 -0.0021019451295036175 2.7119562212714966E-4 6.711020524243768E-4 0.0021590625376958954 -6.916975745568181E-5 -1.544039621081602E-4 0.001215552309429617 0.0022378978294609058 
0.4615535421103635 -6.581561207285192E-5 -0.002101944505022942 2.711956221272223E-4 6.711061400302531E-4 0.0021597721603074916 -6.650945692465065E-5 -1.5440367919140562E-4 0.0012155590499020427 0.0025374735703816193 
0.39012249016623507 -6.518615445938714E-5 -0.0021019196705757124 2.7119562212714966E-4 6.710926532867479E-4 0.0021582830307968776 -5.2663622483120314E-5 -1.5440396198889786E-4 0.0012155523190501367 0.0021819217418169914 
0.03657025512400319 -6.581075087725592E-5 -0.0021019152058506215 2.7119562212714966E-4 6.710999598332445E-4 0.0021591968590793 -3.6510128521072244E-5 -1.5440386863105977E-4 0.0012155516960351775 0.0018944455087860845 
0.4585662134003732 -6.5156773921812E-5 -0.0021019185711485333 2.711956221272223E-4 6.710923849393356E-4 0.0021658769370127254 -0.0027467912843718006 -1.5440370914423154E-4 0.0012155517643182847 0.002219381581957737 
0.6144415419376438 -6.518583288794025E-5 -0.0021019197815071115 2.711956221272223E-4 6.710919733764864E-4 0.0021587502080731968 -4.547416564054954E-5 -1.5440368237637603E-4 0.0012155524484615764 0.0018861767142150435 
0.00834343010799854 -6.51953497859945E-5 -0.002101797238784432 2.711956221272223E-4 6.711001063893555E-4 0.0021586895280651976 -2.02622336990038E-4 -1.5440367910828516E-4 0.001215552439496791 0.0022389508491928558 
0.999948333418511 -6.515766605444004E-5 -0.002101945084677592 2.711956221271376E-4 6.710998399530704E-4 0.002159179097541238 -2.034665961165603E-4 -1.5440394249522223E-4 0.0012155523068411208 0.0018276318215042966 
0.8750744688999085 -6.515766605444004E-5 -0.0021019618773359026 2.7119562211004263E-4 6.710984460177159E-4 0.002159179097541238 -2.034665961165603E-4 -1.5440394006030822E-4 0.0012155523068411208 0.0018276318215042966 
0.8500770876703927 -6.578646091887887E-5 -0.002101918933267207 2.7119562212714966E-4 6.71099930622743E-4 0.002159179106064666 -5.142950920716965E-5 -1.5440386646008375E-4 0.0012155516960351775 0.0018944455087860845 
0.05780442544035824 -6.515677217792673E-5 -0.0021017947601271593 2.711956221271376E-4 6.710998109541403E-4 0.002158745742702682 -2.0828704963758352E-4 -1.5440393728630053E-4 0.0012155523146860341 0.0018441267829397492 
0.8838805795539996 -6.464090635401409E-5 -0.0021026004412912735 2.711956221088036E-4 6.723599017416154E-4 0.002161958250386032 4.948454642110349E-5 -1.5440412656096485E-4 0.0012155339480442674 0.0017897505622083548 
0.4276747354156907 -6.518558254199504E-5 -0.002101808788750235 2.711956221272223E-4 6.711000073781236E-4 0.0021587319229860688 -2.034666960227694E-4 -1.5440394241635286E-4 0.0012155524523680102 0.0018260615164464606 
